7.900708 
4.180314 
6.468231 
7.134161 
2.986388 
4.829221 
2.536037 
4.359665 
4.303649 
3.252289 
7.711037 
1.372507 
5.335855 
1.623625 
1.052964 
4.152533 
2.923670 
4.323583 
3.308981 
1.797062 
0.525975 
0.072491 
0.506724 
0.027666 
0.424528 
0.341800 
0.167488 
0.144284 
0.077072 
0.123242 
0.197288 
0.053636 
0.536804 
0.002626 
0.224123 
0.468675 
0.147780 
0.014181 
0.037714 
0.103994 
0.384749 
0.009534 
0.385489 
0.001905 
0.123176 
0.188440 
0.083741 
0.004772 
0.029899 
0.052750 
0.215968 
0.043493 
0.479436 
0.002329 
0.169110 
0.231566 
0.125635 
0.002380 
0.052209 
0.109213 
0.008291 
0.002032 
0.001780 
0.054298 
0.012617 
0.022098 
0.002383 
0.030357 
0.047312 
0.007402 
0.006923 
0.005635 
0.000392 
0.015106 
0.004810 
0.008911 
0.003711 
0.047048 
0.026240 
0.008170 
0.001374 
0.007239 
0.000382 
0.042909 
0.007901 
0.012095 
0.001921 
0.013146 
0.021635 
0.001359 
0.001330 
0.001518 
0.000316 
0.023832 
0.052325 
0.017246 
0.003466 
0.010914 
0.033141 
0.006482 
0.000291 
0.001526 
0.000108 
0.000291 
0.000079 
0.000013 
0.000022 
0.000098 
0.000050 
0.000279 
0.000041 
0.000073 
0.003353 
0.000153 
0.000098 
0.001022 
0.000003 
0.001611 
0.000250 
0.000184 
0.000263 
0.001017 
0.000051 
0.000131 
0.000029 
0.000019 
0.001060 
0.000066 
0.000055 
0.000034 
0.000781 
0.000025 
0.002054 
0.000138 
0.000486 
0.000173 
0.000064 
0.000243 
0.000119 
0.000049 
0.000112 
0.000461 
0.000157 
0.000690 
0.000466 
0.000045 
0.000005 
0.000321 
0.000001 
0.000141 
0.000037 
0.000519 
0.000709 
0.000319 
0.001074 
0.001276 
0.000012 
0.000670 
0.001066 
0.000041 
0.001261 
0.000536 
0.000104 
0.000367 
0.000086 
0.000076 
0.000012 
0.000055 
0.000007 
0.000057 
0.000878 
0.000131 
0.002217 
0.000100 
0.001435 
0.000653 
0.000018 
0.001183 
0.001027 
0.000118 
0.000140 
0.000118 
0.000014 
0.000135 
0.000001 
0.000012 
0.000029 
0.000079 
0.000625 
0.000104 
0.000108 
0.000003 
0.000010 
0.000013 
0.000098 
0.000143 
0.000047 
0.000054 
0.001240 
0.000023 
0.000090 
0.000018 
0.000175 
0.000060 
0.000145 
0.000000 
0.000077 
0.000013 
0.000380 
0.000303 
0.000029 
0.000070 
0.000012 
0.000008 
0.000049 
0.000000 
0.000099 
0.000033 
0.000906 
0.000060 
0.000073 
0.001461 
0.000142 
0.000175 
0.000027 
0.002064 
0.000118 
0.000074 
0.000044 
0.002135 
0.000074 
0.000172 
0.000022 
0.001071 
0.000079 
0.000194 
0.001591 
0.001472 
0.001323 
0.001552 
