0.695337 
0.143879 
0.347101 
0.201252 
0.129394 
0.809001 
0.166154 
0.381839 
0.227911 
0.146552 
0.000723 
0.000265 
0.000070 
0.000109 
0.000316 
0.000246 
0.000008 
0.000629 
0.001495 
0.000077 
0.000027 
0.000097 
0.000026 
0.000025 
0.000013 
0.000022 
0.000039 
0.001432 
0.000086 
0.000024 
0.000312 
0.000365 
0.000272 
0.000000 
0.000161 
0.000118 
0.000096 
0.000057 
0.000238 
0.000422 
0.000389 
0.000492 
0.000091 
0.000024 
0.000001 
0.000060 
0.000122 
0.000370 
0.000512 
0.000191 
0.000045 
0.000265 
0.000060 
0.000054 
0.000001 
0.000043 
0.000048 
0.000020 
0.000383 
0.000026 
0.002493 
0.000257 
0.000007 
0.000027 
0.000003 
0.000024 
0.000068 
0.000109 
0.000030 
0.000000 
0.000512 
0.001067 
0.000128 
0.000105 
0.000311 
0.000135 
0.000447 
0.000133 
0.000295 
0.000125 
0.003033 
0.002103 
0.000393 
0.000096 
0.000031 
0.000409 
0.000331 
0.000189 
0.000463 
0.000063 
0.000066 
0.000307 
0.000156 
0.000179 
0.000058 
0.000113 
0.000616 
0.000255 
0.000089 
0.000118 
0.001053 
0.000544 
0.000025 
0.000093 
0.000043 
0.000081 
0.000156 
0.002298 
0.000104 
0.000024 
0.002099 
0.000276 
0.000073 
0.000047 
0.000016 
0.000071 
0.000227 
0.000061 
0.000991 
0.000031 
0.000012 
0.000860 
0.000083 
0.000110 
0.000281 
0.000117 
0.000239 
0.000039 
0.000253 
0.000113 
0.005825 
0.000098 
0.000002 
0.001135 
0.000003 
0.000007 
0.000079 
0.000124 
0.002071 
0.000000 
0.003338 
0.000921 
0.000080 
0.000094 
0.000226 
0.000076 
0.000972 
0.000072 
0.000092 
0.000092 
0.004411 
0.000206 
0.000002 
0.000014 
0.000004 
0.000007 
0.000044 
0.000042 
0.001807 
0.000008 
0.000001 
0.000116 
0.001807 
0.000142 
0.000004 
0.000000 
0.000000 
0.000100 
0.000001 
0.000004 
0.000025 
0.000001 
0.000000 
0.000360 
0.000003 
0.000113 
0.000050 
0.001721 
0.000265 
0.001081 
0.000029 
0.000022 
0.000074 
0.000019 
0.000001 
0.000011 
0.000000 
0.000002 
0.000000 
0.000001 
0.000008 
0.000000 
0.000023 
0.000011 
0.000002 
0.000051 
0.000052 
0.001025 
0.000204 
0.000026 
0.000032 
0.000020 
0.000016 
0.000025 
0.000019 
0.000006 
0.000000 
0.000002 
0.000009 
0.000002 
0.000166 
0.000000 
0.000536 
0.000007 
0.000000 
0.000264 
0.000035 
0.000769 
0.000110 
0.000008 
0.000016 
0.000010 
0.000003 
0.000006 
0.000042 
0.000008 
0.000000 
0.000149 
0.000051 
0.000000 
0.000005 
0.000001 
0.000049 
0.000022 
0.000000 
0.000356 
0.000011 
0.000027 
0.000082 
0.000062 
0.000086 
0.000005 
0.000009 
0.000002 
0.000007 
0.000005 
0.000000 
0.000000 
0.000004 
0.000000 
0.000031 
0.000000 
0.000171 
0.000012 
0.000000 
0.000057 
0.000024 
0.000018 
0.000306 
0.000032 
0.000087 
0.000013 
0.000009 
0.000056 
0.000044 
0.000044 
0.000000 
0.000006 
0.000011 
0.000002 
0.000006 
0.000000 
0.000043 
0.000008 
0.000000 
0.000054 
0.000035 
0.000773 
0.000155 
0.000035 
0.000058 
0.000002 
0.000027 
0.000001 
0.000022 
0.000002 
0.000000 
0.000000 
0.000000 
0.000000 
0.000026 
0.000000 
0.000000 
0.000005 
0.000000 
0.000015 
0.000000 
0.000006 
0.000384 
0.000011 
0.000001 
0.000000 
0.000022 
0.000005 
0.000034 
0.000000 
0.000000 
0.000000 
0.000006 
0.000000 
0.000002 
0.000000 
0.000020 
0.000000 
0.000000 
0.000003 
0.000000 
0.000015 
0.000003 
0.000009 
0.000159 
0.000030 
0.000043 
0.001340 
0.000161 
0.000087 
0.000000 
0.000200 
0.000022 
0.000006 
0.000318 
0.000009 
0.000408 
0.000022 
0.000016 
0.000868 
0.000055 
0.001445 
0.000270 
0.003275 
0.000918 
0.000029 
0.000005 
0.000008 
0.000001 
0.000024 
0.000000 
0.000000 
0.000006 
0.000002 
0.000370 
0.000000 
0.000611 
0.000062 
0.000000 
0.000761 
0.000013 
0.000072 
0.003116 
0.000142 
0.000009 
0.000000 
0.000157 
0.000000 
0.000002 
0.000212 
0.000017 
0.000011 
0.000031 
0.000159 
0.000019 
0.000024 
0.000018 
0.000000 
0.000004 
0.001079 
0.002041 
0.000000 
0.000000 
0.000055 
0.000000 
0.000000 
0.000006 
0.000048 
0.000001 
0.000098 
0.000002 
0.000000 
0.000049 
0.000000 
0.000002 
0.000065 
0.000002 
0.000000 
0.000001 
0.000026 
0.000275 
0.000000 
0.000000 
0.000000 
0.000005 
0.000000 
0.000002 
0.000067 
0.000001 
0.001184 
0.000034 
0.000005 
0.000003 
0.000000 
0.000014 
0.000000 
0.000014 
0.000000 
0.000003 
0.000183 
0.000279 
0.000000 
0.000000 
0.000001 
0.000082 
0.000038 
0.004637 
0.000001 
0.000018 
0.001337 
0.004431 
0.000317 
0.000591 
0.003295 
0.000041 
0.000125 
0.000063 
0.000078 
0.000037 
0.000129 
0.000375 
0.000000 
0.000003 
0.000001 
0.000018 
0.000092 
0.000049 
0.000004 
0.000005 
0.000028 
0.000213 
0.000006 
0.000017 
0.000047 
0.000000 
0.000000 
0.000000 
0.000000 
0.000000 
0.000000 
0.000002 
0.000000 
0.000000 
0.000000 
0.000019 
0.000084 
0.000530 
0.000000 
0.000004 
0.000076 
0.000340 
0.000040 
0.000111 
0.000609 
0.000265 
0.001128 
0.000095 
0.000886 
0.000194 
0.000296 
0.004011 
0.000004 
0.000020 
0.000002 
0.000009 
0.000001 
0.000004 
0.000015 
0.000075 
0.000008 
0.000082 
0.000002 
0.000003 
0.000003 
0.000011 
0.000002 
0.000011 
0.000000 
0.000002 
0.000026 
0.001053 
0.000000 
0.000000 
0.000000 
0.000000 
0.000048 
0.000002 
0.000000 
0.000000 
0.000932 
0.000228 
0.000000 
0.000000 
0.000000 
0.000028 
0.000177 
0.003891 
0.000154 
0.000015 
0.000104 
0.000767 
0.000295 
0.000295 
0.002087 
0.000026 
0.000010 
0.000005 
0.000030 
0.000026 
0.001066 
0.000388 
0.000000 
0.000016 
0.000027 
0.000047 
0.000009 
0.000048 
0.000000 
0.000011 
0.000096 
0.001156 
0.000000 
0.000000 
0.000017 
0.000001 
0.000000 
0.000517 
0.000001 
0.000001 
0.000020 
0.000006 
0.000030 
0.000085 
0.000418 
0.000012 
0.000281 
0.000012 
0.000002 
0.000003 
0.000006 
0.001153 
0.000000 
0.000000 
0.000003 
0.000362 
0.000569 
0.000007 
0.000079 
0.000081 
0.000111 
0.000256 
0.000061 
0.000010 
0.000088 
0.000086 
0.000000 
0.000200 
0.000321 
0.000001 
0.000030 
0.000003 
0.000001 
0.000019 
0.000020 
0.000020 
0.000096 
0.000114 
0.000036 
0.000091 
0.000318 
0.000000 
0.000007 
0.000000 
0.000001 
0.000108 
0.000030 
0.000001 
0.000000 
0.000641 
0.000031 
0.000000 
0.000019 
0.000397 
0.000009 
0.093895 
0.000236 
0.080995 
0.075508 
